NAME	= MDEM_NA_250m
DESCRIPTION	= 
UNIT	= 
DATAFILE_OFFSET	= 0
DATAFORMAT	= SHORTINT
BYTEORDER_BIG	= FALSE
POSITION_XMIN	= 5177875.0000000000
POSITION_YMIN	= 6698875.0000000000
CELLCOUNT_X	= 496
CELLCOUNT_Y	= 488
CELLSIZE	= 250.0000000000
Z_FACTOR	= 1.000000
Z_OFFSET	= 0.000000
NODATA_VALUE	= -32767.000000
TOPTOBOTTOM	= FALSE
